000001
000003
000005
000007
000008
000009
000010
000011
000012
000013
000014
000015
000017
000018
000019
000021
000022
000024
000026
000027
000028
000030
000032
000033
000036
000038
000039
000040
000041
000042
000043
000044
000046
000049
000050
000051
000052
000054
000056
000057
000058
000059
000061
000062
000064
000065
000066
000067
000068
000069
000070
000071
000072
000073
000074
000075
000076
000077
000078
000079
000081
000082
000083
000084
000085
000087
000088
000089
000091
000093
000094
000096
000098
000099
000100
000101
000102
000103
000105
000106
000107
000109
000110
000111
000112
000113
000115
000116
000117
000118
000119
000121
000122
000123
000124
000125
000126
000128
000129
000130
000131
000132
000134
000135
000136
000137
000138
000139
000140
000141
000142
000143
000144
000145
000146
000148
000149
000150
000151
000152
000153
000154
000156
000158
000159
000160
000161
000162
000163
000168
000169
000170
000171
000173
000174
000175
000176
000177
000178
000179
000180
000181
000182
000184
000185
000186
000187
000189
000192
000193
000194
000195
000196
000197
000198
000199
000200
000201
000203
000204
000205
000206
000207
000208
000209
000210
000211
000212
000214
000215
000216
000217
000218
000220
000221
000222
000223
000224
000225
000226
000228
000229
000230
000231
000232
000233
000235
000236
000237
000238
000240
000241
000242
000243
000245
000246
000248
000249
000251
000252
000254
000255
000256
000258
000259
000260
000261
000262
000263
000264
000265
000266
000267
000268
000269
000271
000272
000273
000274
000275
000276
000278
000279
000281
000282
000283
000284
000286
000287
000288
000290
000291
000292
000293
000295
000296
000297
000298
000299
000300
000301
000302
000303
000304
000305
000306
000307
000308
000310
000312
000315
000316
000318
000319
000320
000321
000322
000325
000326
000327
000328
000329
000330
000332
000335
000336
000337
000339
000340
000341
000342
000343
000344
000346
000348
000349
000350
000351
000352
000353
000354
000355
000356
000357
000358
000359
000360
000361
000362
000365
000366
000367
000369
000370
000372
000373
000374
000375
000376
000377
000379
000380
000381
000382
000383
000385
000386
000387
000390
000391
000392
000393
000395
000396
000398
000399
000400
000401
000402
000403
000405
000406
000407
000408
000409
000410
000411
000413
000414
000415
000416
000417
000418
000419
000420
000421
000422
000423
000425
000427
000428
000429
000430
000432
000433
000434
000435
000436
000437
000438
000439
000441
000442
000445
000446
000448
000449
000451
000452
000453
000455
000456
000457
000458
000459
000460
000461
000463
000465
000466
000467
000468
000469
000470
000471
000472
000473
000474
000475
000478
000479
000480
000481
000482
000483
000484
000485
000486
000487
000488
000489
000491
000492
000493
000494
000495
000496
000498
000501
000502
000503
000504
000505
000506
000507
000508
000509
000510
000512
000515
000516
000517
000518
000520
000521
000522
000523
000524
000526
000528
000529
000530
000531
000532
000533
000535
000536
000538
000539
000540
000541
000542
000543
000545
000546
000548
000549
000551
000552
000553
000554
000555
000556
000557
000558
000559
000561
000562
000563
000565
000566
000567
000568
000569
000571
000573
000574
000575
000576
000578
000579
000580
000583
000584
000585
000586
000587
000588
000589
000590
000591
000592
000594
000596
000598
000599
000600
000601
000602
000604
000605
000606
000609
000610
000612
000614
000616
000617
000619
000621
000622
000623
000624
000625
000626
000627
000628
000629
000630
000631
000632
000633
000635
000636
000637
000638
000639
000640
000641
000642
000644
000645
000648
000649
000651
000652
000654
000655
000656
000657
000658
000659
000660
000662
000663
000664
000666
000667
000669
000670
000671
000673
000674
000675
000678
000679
000680
000681
000682
000683
000684
000685
000686
000688
000689
000691
000692
000693
000694
000695
000696
000697
000698
000699
000700
000701
000702
000703
000704
000705
000706
000709
000711
000712
000713
000714
000715
000717
000719
000720
000722
000723
000724
000725
000726
000727
000728
000730
000732
000733
000734
000735
000736
000737
000738
000740
000741
000743
000744
000745
000749
000750
000751
000752
000753
000754
000755
000757
000758
000760
000761
000762
000763
000764
000765
000766
000767
000768
000769
000770
000771
000772
000773
000774
000775
000776
000777
000778
000779
000780
000781
000782
000783
000784
000785
000786
000787
000789
000790
000792
000793
000794
000795
000796
000799
000800
000801
000802
000804
000805
000806
000807
000808
000809
000812
000813
000814
000815
000816
000818
000820
000821
000822
000824
000825
000826
000827
000829
000830
000831
000833
000835
000836
000837
000839
000840
000841
000842
000844
000845
000846
000847
000848
000849
000850
000851
000853
000854
000855
000856
000857
000858
000859
000860
000862
000863
000864
000866
000868
000869
000871
000872
000874
000876
000878
000879
000881
000882
000883
000884
000885
000886
000888
000889
000890
000891
000892
000893
000894
000895
000899
000901
000902
000903
000904
000906
000908
000909
000910
000911
000912
000913
000914
000918
000919
000920
000921
000922
000923
000924
000925
000926
000927
000928
000929
000930
000931
000932
000933
000935
000936
000937
000940
000941
000942
000943
000944
000945
000947
000949
000952
000954
000955
000956
000957
000958
000959
000960
000961
000962
000963
000964
000965
000966
000967
000968
000970
000971
000972
000974
000975
000976
000977
000978
000979
000980
000981
000982
000983
000984
000985
000986
000988
000989
000990
000991
000992
000993
000994
000996
000997
000998
000999
001000
001001
001003
001005
001006
001007
001008
001009
001010
001011
001012
001013
001015
001017
001018
001019
001023
001025
001026
001027
001028
001029
001032
001036
001037
001038
001039
001040
001042
001043
001044
001045
001046
001047
001048
001049
001051
001052
001053
001054
001055
001057
001058
001059
001060
001061
001062
001064
001065
001066
001069
001070
001071
001072
001074
001075
001077
001078
001079
001080
001081
001083
001084
001085
001087
001089
001090
001091
001092
001093
001094
001095
001096
001097
001098
001100
001101
001102
001103
001104
001105
001106
001109
001110
001111
001112
001113
001114
001115
001116
001117
001119
001121
001122
001123
001124
001125
001126
001127
001128
001129
001130
001131
001133
001135
001136
001137
001138
001139
001140
001141
001142
001143
001144
001145
001146
001147
001148
001150
001151
001152
001154
001156
001157
001158
001159
001160
001161
001163
001164
001165
001166
001167
001169
001170
001171
001172
001173
001175
001176
001177
001178
001179
001180
001181
001183
001185
001187
001188
001189
001190
001191
001192
001193
001194
001195
001196
001197
001198
001199
001200
001201
001202
001203
001204
001205
001206
001207
001208
001210
001211
001212
001214
001215
001216
001217
001218
001219
001220
001221
001222
001223
001224
001226
001227
001228
001229
001231
001232
001233
001234
001236
001238
001240
001241
001243
001244
001245
001247
001249
001250
001252
001253
001254
001255
001256
001258
001260
001261
001262
001264
001265
001266
001267
001268
001269
001270
001271
001272
001273
001274
001276
001277
001279
001280
001281
001282
001283
001285
001286
001287
001288
001289
001290
001291
001292
001293
001294
001295
001297
001300
001301
001302
001304
001305
001306
001307
001308
001310
001311
001312
001313
001314
001315
001316
001317
001318
001319
001321
001322
001323
001324
001326
001327
001328
001329
001330
001331
001332
001333
001335
001336
001340
001341
001342
001343
001345
001346
001347
001348
001349
001350
001351
001352
001353
001356
001357
001358
001361
001362
001364
001365
001368
001369
001373
001374
001375
001376
001378
001382
001383
001384
001386
001387
001388
001389
001391
001392
001393
001394
001395
001396
001398
001399
001401
001402
001407
001408
001409
001410
001411
001412
001413
001414
001415
001417
001418
001419
001420
001421
001423
001424
001425
001426
001427
001428
001429
001430
001431
001432
001433
001434
001435
001436
001437
001438
001439
001440
001441
001442
001443
001444
001446
001447
001449
001450
001452
001453
001454
001457
001458
001460
001461
001462
001463
001464
001465
001467
001468
001469
001470
001472
001475
001476
001477
001478
001479
001480
001481
001482
001483
001485
001486
001487
001488
001489
001491
001492
001493
001495
001496
001498
001500
001502
001503
001504
001505
001506
001507
001508
001509
001510
001511
001513
001516
001517
001518
001519
001520
001521
001523
001524
001525
001526
001528
001529
001530
001532
001533
001534
001535
001536
001537
001538
001540
001541
001543
001546
001548
001550
001551
001552
001553
001554
001556
001557
001558
001559
001560
001561
001562
001563
001564
001565
001566
001567
001568
001569
001570
001571
001572
001574
001575
001576
001578
001579
001580
001581
001582
001583
001584
001585
001586
001587
001588
001589
001591
001592
001594
001595
001596
001598
001599
001600
001601
001602
001604
001605
001606
001607
001608
001609
001610
001611
001612
001613
001614
001615
001617
001618
001620
001621
001622
001623
001624
001625
001626
001627
001628
001629
001630
001631
001632
001633
001634
001636
001637
001638
001640
001641
001642
001643
001645
001646
001647
001648
001649
001650
001652
001653
001654
001656
001657
001658
001659
001660
001661
001662
001663
001664
001665
001667
001668
001670
001673
001674
001675
001676
001678
001679
001680
001681
001682
001683
001684
001685
001686
001687
001688
001689
001690
001691
001695
001696
001698
001699
001702
001704
001705
001706
001707
001708
001709
001711
001712
001713
001714
001715
001717
001719
001720
001721
001722
001723
001724
001729
001731
001734
001735
001736
001737
001739
001740
001741
001743
001744
001745
001746
001747
001748
001751
001752
001754
001755
001756
001757
001758
001759
001760
001761
001762
001763
001764
001765
001766
001768
001769
001770
001771
001772
001774
001777
001779
001780
001781
001782
001783
001784
001785
001786
001787
001788
001789
001790
001791
001792
001793
001794
001797
001798
001799
001800
001801
001802
001803
001806
001807
001808
001809
001810
001812
001813
001815
001816
001817
001820
001821
001822
001823
001824
001825
001827
001829
001830
001832
001833
001834
001835
001836
001837
001838
001839
001840
001841
001843
001845
001846
001847
001848
001849
001850
001851
001853
001855
001857
001859
001860
001861
001862
001863
001864
001865
001866
001868
001869
001870
001872
001873
001874
001875
001876
001878
001879
001880
001881
001883
001884
001886
001887
001888
001889
001890
001891
001892
001894
001895
001896
001897
001898
001899
001900
001901
001903
001904
001905
001906
001908
001909
001910
001911
001912
001913
001914
001915
001916
001917
001919
001920
001921
001922
001923
001924
001925
001926
001927
001928
001929
001930
001931
001932
001933
001936
001937
001938
001939
001940
001942
001943
001944
001945
001946
001947
001948
001949
001950
001951
001952
001953
001954
001955
001956
001957
001958
001959
001960
001961
001962
001963
001964
001965
001966
001967
001970
001972
001973
001974
001975
001977
001979
001980
001981
001983
001984
001985
001986
001989
001991
001993
001998
001999
002000
002001
002003
002004
002006
002007
002008
002009
002010
002011
002012
002014
002015
002016
002020
002021
002022
002023
002024
002025
002026
002028
002029
002030
002031
002032
002033
002034
002035
002036
002038
002039
002041
002042
002043
002044
002045
002047
002048
002049
002050
002051
002052
002053
002054
002055
002056
002057
002058
002059
002061
002062
002064
002065
002067
002068
002069
002070
002071
002072
002074
002075
002076
002077
002078
002079
002080
002081
002082
002083
002084
002085
002087
002088
002089
002090
002091
002092
002094
002096
002098
002099
002100
002101
002102
002103
002104
002105
002106
002107
002108
002109
002110
002111
002112
002113
002114
002115
002117
002118
002120
002121
002122
002123
002124
002125
002126
002127
002128
002129
002130
002131
002132
002133
002134
002135
002137
002138
002139
002140
002141
002142
002143
002144
002145
002146
002148
002149
002150
002153
002155
002156
002157
002159
002160
002162
002163
002165
002166
002167
002169
002170
002171
002172
002173
002174
002175
002176
002177
002179
002181
002183
002184
002185
002186
002187
002188
002189
002190
002193
002194
002197
002198
002199
002200
002201
002203
002205
002206
002207
002209
002210
002211
002212
002213
002214
002215
002216
002217
002219
002220
002221
002222
002224
002225
002226
002227
002228
002229
002230
002231
002232
002233
002234
002235
002236
002237
002238
002239
002240
002241
002242
002243
002244
002245
002246
002247
002249
002250
002252
002253
002256
002257
002258
002259
002260
002261
002262
002263
002264
002265
002267
002268
002269
002270
002271
002273
002275
002276
002277
002278
002279
002281
002282
002284
002285
002286
002287
002288
002290
002291
002294
002295
002296
002297
002299
002300
002301
002302
002304
002305
002306
002307
002310
002311
002312
002314
002315
002317
002318
002319
002320
002321
002322
002323
002325
002326
002327
002328
002329
002331
002332
002333
002334
002335
002336
002337
002338
002339
002340
002341
002342
002343
002345
002347
002348
002349
002350
002351
002352
002353
002354
002355
002356
002357
002358
002359
002360
002361
002362
002363
002364
002365
002366
002367
002368
002370
002371
002375
002376
002377
002378
002383
002384
002385
002386
002387
002390
002391
002392
002393
002394
002395
002398
002399
002400
002403
002404
002405
002406
002407
002408
002409
002410
002411
002412
002413
002414
002415
002416
002417
002418
002420
002422
002423
002424
002426
002427
002428
002429
002430
002431
002432
002433
002434
002435
002436
002437
002438
002439
002440
002441
002442
002443
002444
002445
002447
002448
002450
002451
002452
002453
002454
002455
002456
002458
002459
002460
002461
002463
002464
002465
002466
002468
002469
002470
002471
002472
002473
002475
002476
002477
002478
002479
002482
002484
002485
002486
002487
002488
002490
002491
002493
002494
002496
002498
002499
002501
002504
002505
002506
002508
002509
002511
002512
002513
002514
002516
002517
002518
002519
002520
002521
002522
002523
002524
002525
002528
002529
002530
002531
002532
002533
002534
002536
002538
002540
002542
002543
002544
002545
002546
002548
002549
002550
002551
002552
002553
002554
002555
002556
002557
002559
002560
002562
002564
002565
002566
002568
002569
002571
002572
002574
002575
002576
002577
002578
002579
002580
002581
002582
002583
002584
002585
002586
002587
002588
002589
002590
002591
002592
002593
002594
002595
002596
002598
002599
002600
002601
002602
002603
002604
002607
002608
002610
002612
002613
002614
002617
002618
002620
002621
002622
002623
002624
002625
002626
002627
002629
002630
002632
002634
002635
002636
002637
002638
002639
002640
002641
002642
002643
002645
002646
002647
002648
002649
002650
002651
002652
002653
002655
002656
002658
002659
002660
002661
002662
002664
002666
002667
002668
002669
002670
002671
002672
002673
002674
002675
002676
002678
002679
002680
002681
002682
002683
002684
002685
002686
002687
002689
002690
002691
002692
002693
002694
002695
002696
002697
002699
